          36
          97
         153
          16
           8
         224
         242
         193
         148
          95
         112
         146
         175
         128
           4
         130
         126
         105
         147
         129
         122
          41
          79
         236
         182
         178
         143
         115
         204
         175
          27
          18
         163
          98
         198
          86
         153
          68
         153
           8
          45
         218
         154
          21
          73
         103
         118
         163
         135
         187
         219
         196
          76
         230
          61
         199
          39
         161
         106
          29
           1
          82
         115
         254
          64
         137
         100
          26
          82
          53
         152
          95
         124
           9
         192
         220
          59
         213
         117
         157
         213
         115
          70
          52
          28
          56
          92
         190
         137
          82
          30
          75
         128
         140
         120
         119
         226
         187
         212
          61
          38
         110
           5
         126
         119
         150
         251
         243
          82
         225
         246
         174
          41
         224
         213
          22
         217
         194
           1
          52
          52
          11
         124
         237
         191
          83
         183
          58
         233
         110
          88
           6
         108
         162
         111
         172
          97
         162
         252
         133
          20
         134
          90
         218
           4
         107
         197
         231
          72
         132
